33.0 7.0
20.0 0.0
17.0 1.0
25.0 2.0
27.0 4.0
22.0 3.0
105.0 31.0
72.0 18.0
47.0 11.0
34.0 4.0
731.0 331.0
509.0 232.0
421.0 167.0
311.0 129.0
503.0 286.0
548.0 285.0
320.0 158.0
251.0 102.0
74.0 30.0
92.0 31.0
7.0 0.0
10.0 0.0
144.28999999999996 47.24000000000001
216.57999999999998 121.05000000000001
522.1 90.59
136.39 46.629999999999995
205.99999999999997 119.24999999999999
416.2 88.83000000000001
136.14999999999998 47.440000000000005
198.5 118.75000000000001
425.65 88.8
124.55 47.43000000000001
188.25 118.50000000000003
393.15000000000003 88.01
139.16 47.14000000000001
209.5 121.25000000000003
446.8 90.05000000000001
135.065 46.09300000000001
205.97000000000003 118.50000000000001
420.1 86.36
138.10000000000002 47.059999999999995
203.82999999999998 117.63
492.65000000000003 89.66
140.88 47.31
210.74 120.9
477.5 91.07
147.08 47.43999999999999
220.45000000000002 120.55000000000003
527.5 89.27
140.42000000000002 47.22000000000001
197.73 119.5
500.75 89.65000000000002
1481.0 1256.0
154.17000000000004 48.389999999999986
140.64999999999998 47.18
239.63999999999996 126.02999999999999
207.55999999999995 120.13
630.36 95.46
482.33999999999986 89.58000000000001
1391.0 1062.0
80.59 57.71000000000001
75.52 55.29999999999999
96.88000000000002 63.84
89.84 61.29999999999999
859.0 693.0
8.5 -52.5
96.86999999999999 54.519999999999996
87.4 52.970000000000006
213.12 69.13999999999999
180.84000000000006 66.03
85.0 25.0
73.0 19.0
41.0 10.0
39.0 6.0
617.0 320.0
594.0 268.0
360.0 176.0
339.0 118.0
478.0 303.0
509.0 329.0
315.0 141.0
257.0 116.0
73.0 23.0
87.0 46.0
7.0 0.0
11.0 0.0
246.36 59.56999999999999
161.84999999999997 123.35000000000001
290.26000000000005 61.20999999999999
225.70000000000002 58.56999999999999
156.55000000000004 121.94999999999997
273.29999999999995 59.739999999999995
225.38 59.67
151.35 120.40000000000002
259.63 60.8
203.30000000000007 59.35999999999999
146.79999999999998 118.80000000000003
230.40000000000006 61.210000000000015
226.28 59.519999999999975
156.93 121.1
271.4 61.319999999999986
219.1 58.465999999999994
159.54 119.15000000000002
255.49999999999997 59.400000000000006
234.45999999999995 59.10999999999999
151.99999999999997 117.8
276.70000000000005 61.05999999999998
239.69 59.779999999999994
158.88 122.7
283.4 61.43999999999999
251.88000000000002 59.22999999999998
166.99999999999997 122.45000000000003
311.55 61.569999999999986
234.37000000000003 59.18000000000001
153.15 120.30000000000003
283.29 61.04
1474.0 1259.0
270.71000000000004 61.56999999999999
237.29999999999993 59.47
174.79 128.63
157.51999999999998 121.79999999999998
338.78999999999996 63.37
281.32 61.050000000000004
1353.0 1109.0
77.64 64.94
73.07999999999998 62.11
82.51999999999997 65.82
77.77 63.17000000000001
880.0 702.0
26.0 -32.5
158.79999999999998 54.529999999999994
139.24 52.68000000000001
156.89999999999998 54.609999999999985
136.56999999999996 52.989999999999995
