25.0 4.0
16.0 0.0
15.0 1.0
19.0 0.0
21.0 2.0
18.0 1.0
91.0 21.0
58.0 13.0
41.0 6.0
27.0 2.0
557.0 245.0
408.0 170.0
320.0 117.0
247.0 94.0
387.0 211.0
420.0 211.0
243.0 112.0
197.0 71.0
57.0 19.0
74.0 24.0
6.0 0.0
8.0 0.0
115.16000000000001 35.269999999999996
167.57999999999998 89.95
393.6 66.03
108.15000000000002 34.870000000000005
160.64999999999998 88.10000000000001
320.55 64.3
108.24999999999999 35.43
153.3 88.45000000000002
322.9 64.3
101.15 34.88999999999999
144.79999999999998 87.00000000000001
305.65000000000003 63.64
107.73999999999998 34.11999999999999
162.8 89.55000000000003
352.8 65.33
108.56499999999998 34.419999999999995
162.18000000000004 88.00000000000001
328.22999999999996 62.35000000000001
110.18 35.129999999999995
158.0 87.35
377.15 64.89999999999999
112.37999999999998 35.199999999999996
162.33 89.60000000000001
370.5 65.66
116.08000000000001 35.26
170.95 89.45000000000002
409.6 64.68999999999998
109.46999999999998 35.17
152.4 88.55
385.75 64.86000000000001
1123.0 934.0
121.65 36.11
110.86 35.18
187.43 93.36
160.53 89.22
489.66999999999996 69.03
376.73999999999995 65.04999999999998
1050.0 763.0
60.78 42.56000000000001
56.81999999999999 40.76
74.29 47.50999999999999
68.78 45.639999999999986
674.0 505.0
8.0 -43.0
78.60999999999997 39.04
72.41 37.96
183.88 50.15
154.38 48.17
70.0 19.0
57.0 13.0
33.0 7.0
30.0 3.0
476.0 242.0
469.0 195.0
283.0 135.0
261.0 82.0
372.0 213.0
398.0 237.0
240.0 98.0
201.0 80.0
55.0 16.0
69.0 30.0
6.0 0.0
9.0 0.0
195.43 43.92
122.08000000000001 91.85000000000001
228.77999999999997 44.72999999999999
178.75 43.199999999999996
119.00000000000001 90.79999999999997
211.35 43.69
177.63 43.99999999999999
116.55 89.85000000000001
204.98 44.53
162.00000000000003 43.85999999999999
113.3 88.65000000000002
188.30000000000004 45.11
179.39999999999998 43.91
120.33 90.74999999999999
205.66 44.64999999999999
172.5 43.12
123.94000000000003 89.10000000000001
199.39999999999998 43.529999999999994
187.72999999999996 43.57
116.4 88.25000000000001
219.7 44.559999999999995
190.18 43.92999999999999
121.90000000000002 91.80000000000001
228.04 44.769999999999996
199.38000000000002 43.63
126.10000000000001 90.50000000000001
234.07999999999998 44.82999999999999
188.50000000000003 44.15
117.36000000000001 89.60000000000001
220.13000000000002 44.63
1118.0 936.0
215.75000000000003 45.24999999999999
188.04999999999995 43.78999999999999
130.93999999999997 95.63000000000001
118.77 90.85999999999999
270.85 46.29
217.95999999999998 44.62
1027.0 822.0
59.559999999999995 47.64
55.59000000000001 45.76999999999999
63.07999999999999 48.12
59.35 46.37
691.0 502.0
19.25 -26.0
138.76000000000002 39.31
120.0 37.940000000000005
132.90999999999997 37.959999999999994
113.92999999999998 36.88000000000001
