19.0 2.0
14.0 0.0
12.0 0.0
14.0 0.0
17.0 0.0
14.0 0.0
72.0 13.0
46.0 7.0
34.0 3.0
20.0 0.0
400.0 166.0
314.0 112.0
232.0 76.0
192.0 58.0
282.0 141.0
297.0 145.0
180.0 75.0
149.0 43.0
43.0 11.0
53.0 14.0
5.0 0.0
6.0 0.0
82.78 24.040000000000003
125.28 62.74999999999999
296.0 44.78
78.65 23.760000000000005
119.65 61.40000000000001
245.15 43.49999999999999
79.42 24.180000000000003
113.05 61.70000000000001
246.0 43.9
73.20000000000002 24.02
108.00000000000001 59.10000000000001
231.70000000000002 42.59
80.1 23.279999999999998
118.95 62.65
270.0 44.129999999999995
79.515 23.510000000000005
115.22999999999998 61.450000000000024
248.5 42.86
80.55 23.840000000000007
116.95 59.849999999999994
275.8 44.23
83.86 24.05
120.16 62.60000000000001
279.5 44.81999999999999
84.09999999999998 24.01
125.75 62.6
321.25 43.83999999999999
81.0 24.020000000000007
112.63 61.95
288.5 44.44999999999999
817.0 639.0
91.23 24.56
80.29999999999998 23.98
140.63 65.17999999999998
118.86999999999999 62.249999999999986
370.27 46.709999999999994
287.88 44.30999999999999
762.0 532.0
43.300000000000004 29.569999999999993
40.4 28.400000000000002
53.269999999999996 33.099999999999994
49.03 31.849999999999998
495.0 332.0
6.5 -30.75
62.169999999999995 26.41
56.76999999999999 25.700000000000003
135.27999999999997 35.089999999999996
115.91999999999999 33.410000000000004
55.0 10.0
46.0 6.0
26.0 3.0
24.0 1.0
359.0 159.0
347.0 133.0
206.0 87.0
190.0 55.0
269.0 145.0
283.0 157.0
172.0 68.0
146.0 52.0
43.0 10.0
52.0 18.0
6.0 0.0
8.0 0.0
152.53 30.160000000000004
89.78 64.20000000000002
174.64999999999998 30.9
135.6 29.359999999999996
87.05000000000001 62.599999999999994
151.85 30.33999999999999
135.48 30.080000000000002
83.7 62.85
152.20000000000002 30.750000000000004
122.39999999999999 29.749999999999993
81.9 61.850000000000016
143.3 31.19
132.35 29.8
86.27999999999999 63.35
156.48000000000002 30.880000000000003
132.8 29.349999999999998
91.98 62.000000000000014
152.16000000000003 30.01
137.52999999999997 30.05
85.35 60.800000000000026
166.18 30.42
147.03 30.09
87.8 63.87999999999999
173.16 30.69
154.48000000000002 30.010000000000005
93.60000000000001 63.550000000000004
175.73000000000002 30.86
145.60000000000002 29.900000000000002
86.23 62.5
169.63000000000002 30.82
808.0 637.0
168.18 31.120000000000005
145.17000000000002 30.020000000000003
97.21 66.66999999999999
87.35 63.46
208.17000000000004 31.790000000000003
164.32999999999996 30.719999999999995
740.0 552.0
42.269999999999996 32.940000000000005
39.45 31.510000000000005
44.95 33.53
42.309999999999995 32.370000000000005
490.0 328.0
14.75 -20.0
116.84 27.470000000000002
99.23999999999998 26.55
107.26 24.430000000000003
90.3 23.720000000000002
