10.0 0.0
9.0 0.0
7.0 0.0
9.0 0.0
10.0 0.0
8.0 0.0
47.0 4.0
30.0 1.0
20.0 0.0
15.0 0.0
237.0 66.0
185.0 55.0
138.0 34.0
112.0 26.0
162.0 70.0
167.0 68.0
103.0 27.0
80.0 19.0
28.0 2.0
32.0 5.0
4.0 0.0
5.0 0.0
55.349999999999994 12.040000000000001
75.35 32.6
183.0 20.82
53.05 11.860000000000001
71.5 31.599999999999994
151.25 20.86
50.7 12.08
68.0 32.25
150.5 20.66
46.5 12.03
64.1 29.799999999999997
139.0 20.24
52.51 11.329999999999998
74.0 32.15
175.0 20.6
54.1 11.799999999999999
64.75 31.949999999999996
154.5 20.422
53.75 12.020000000000001
69.75 31.0
173.5 20.52
55.16 12.07
72.5 32.45
174.0 20.990000000000002
57.56 12.040000000000003
77.25 32.2
205.0 21.205
54.06 11.95
67.4 32.4
182.5 20.84
459.0 318.0
62.13 12.240000000000002
53.18 11.979999999999999
87.47999999999999 33.559999999999995
72.24000000000001 32.28
237.5 21.79
182.26999999999998 20.810000000000002
430.0 253.0
23.220000000000006 15.079999999999998
21.71 14.5
29.819999999999997 17.229999999999997
27.090000000000003 16.570000000000004
269.0 146.0
6.0 -18.0
41.92 12.77
37.53 12.459999999999999
84.21999999999998 17.01
71.25999999999999 16.189999999999998
32.0 3.0
28.0 1.0
15.0 0.0
17.0 0.0
213.0 69.0
195.0 60.0
121.0 32.0
105.0 23.0
151.0 66.0
165.0 68.0
104.0 30.0
86.0 23.0
26.0 4.0
32.0 5.0
4.0 0.0
6.0 0.0
88.13 14.610000000000001
52.699999999999996 32.7
111.39999999999999 14.870000000000001
76.64999999999999 14.250000000000002
50.5 31.699999999999996
92.45 14.499999999999998
75.35 14.579999999999998
50.5 32.25
93.15 14.88
69.5 14.6
47.75 31.100000000000005
90.2 14.85
71.8 14.420000000000002
49.15 31.9
95.03 14.750000000000002
73.8 14.32
55.239999999999995 31.949999999999996
101.31 14.379999999999999
81.0 14.47
49.35 31.549999999999997
100.7 14.74
83.6 14.5
50.15 32.5
109.5 14.51
90.95 14.51
53.4 32.6
114.0 14.75
83.7 14.54
49.5 32.5
101.58 14.889999999999999
454.0 318.0
95.85 15.08
82.39 14.570000000000002
56.01000000000001 34.019999999999996
50.43 32.48
129.95999999999998 15.379999999999999
101.89 14.72
416.0 275.0
22.710000000000004 16.570000000000004
21.27 15.879999999999999
26.21 17.470000000000002
24.07 16.750000000000004
268.0 151.0
8.75 -13.0
71.92 12.93
59.290000000000006 12.630000000000003
66.66000000000001 12.46
58.040000000000006 12.11
