14.0 1.0
10.0 0.0
9.0 0.0
12.0 0.0
13.0 0.0
10.0 0.0
58.0 7.0
36.0 4.0
27.0 2.0
17.0 0.0
309.0 108.0
250.0 83.0
177.0 55.0
151.0 42.0
236.0 104.0
284.0 103.0
138.0 51.0
113.0 31.0
35.0 5.0
44.0 9.0
5.0 0.0
5.0 0.0
66.18 17.23
96.6 46.05
227.0 30.27
62.5 16.980000000000004
91.5 44.69999999999999
192.5 29.500000000000004
63.55000000000001 17.26
88.0 45.300000000000004
190.5 29.85
59.05 17.25
83.3 42.7
176.5 29.549999999999997
63.78000000000001 16.34
95.0 45.85
215.5 30.09
63.575 16.82
86.22 45.10000000000001
192.5 28.830000000000002
64.37 17.25
89.45 44.1
218.5 29.83
66.71 17.22
94.5 45.99999999999999
221.0 30.34
68.75999999999999 17.270000000000003
99.35 45.650000000000006
252.0 30.6
63.68 17.099999999999998
87.4 45.55
224.5 30.029999999999994
680.0 460.0
73.37999999999998 17.550000000000004
63.95000000000001 17.159999999999997
110.64999999999999 47.849999999999994
93.02000000000001 45.82
287.63 31.339999999999996
225.83999999999997 29.940000000000005
605.0 373.0
38.53 21.699999999999996
36.559999999999995 20.88
39.96 24.26
36.56 23.389999999999997
412.0 226.0
6.5 -23.75
50.54 19.740000000000002
45.73 19.07
98.72 24.559999999999995
81.81 23.560000000000002
46.0 6.0
35.0 5.0
22.0 2.0
20.0 0.0
284.0 110.0
263.0 87.0
163.0 59.0
145.0 38.0
250.0 95.0
233.0 110.0
133.0 45.0
116.0 36.0
33.0 6.0
39.0 11.0
4.0 0.0
7.0 0.0
117.33 21.199999999999996
69.25 46.25000000000001
138.55 21.86
105.39999999999999 20.499999999999996
67.60000000000001 45.199999999999996
123.69999999999999 21.169999999999998
104.13 21.179999999999996
66.80000000000001 45.75
120.85 21.750000000000004
96.5 20.849999999999994
65.94999999999999 43.90000000000001
113.3 21.909999999999997
100.94999999999999 20.819999999999997
66.67999999999999 45.949999999999996
122.25999999999999 21.68
101.75 20.63
71.35 45.300000000000004
121.85 21.21
109.6 20.98
66.95 44.35
135.2 21.389999999999997
113.93 20.909999999999997
67.45 46.14999999999999
139.5 21.27
121.65 21.05
71.60000000000001 46.3
137.91 21.68
112.9 21.12
66.85000000000001 45.45000000000001
137.7 21.700000000000003
691.0 460.0
130.68 21.819999999999997
111.49000000000001 21.01
75.42 48.12999999999999
66.92 45.91
168.77 22.35
130.37000000000003 21.650000000000002
611.0 389.0
39.529999999999994 24.050000000000008
37.239999999999995 22.939999999999998
35.809999999999995 24.640000000000004
34.21000000000001 23.76
416.0 231.0
11.25 -16.25
98.13999999999999 18.43
82.17999999999999 18.01
84.13000000000001 17.16
73.86000000000001 16.720000000000002
