13.0 0.0
10.0 0.0
9.0 0.0
11.0 0.0
12.0 0.0
10.0 0.0
55.0 7.0
34.0 4.0
26.0 2.0
16.0 0.0
289.0 95.0
235.0 76.0
166.0 47.0
140.0 39.0
201.0 97.0
212.0 92.0
132.0 47.0
104.0 28.0
33.0 4.0
40.0 9.0
5.0 0.0
5.0 0.0
63.98 15.940000000000001
91.1 42.65
216.0 27.97
59.949999999999996 15.730000000000002
86.5 41.4
180.5 27.300000000000004
60.85000000000001 15.98
83.0 42.050000000000004
180.5 27.55
55.5 15.95
78.39999999999999 39.400000000000006
171.6 27.2
60.980000000000004 15.12
89.5 42.45
205.5 27.790000000000003
61.050000000000004 15.57
82.33 41.8
183.0 26.63
62.07 15.96
84.05 40.900000000000006
208.5 27.45
64.11 15.97
89.0 42.75000000000001
209.0 28.040000000000003
66.00999999999999 15.980000000000002
93.35 42.35
239.0 28.220000000000002
61.33 15.849999999999998
81.9 42.300000000000004
213.5 27.619999999999997
577.0 423.0
70.99999999999999 16.250000000000004
61.17000000000001 15.889999999999997
104.38999999999999 44.33
87.60000000000001 42.48
274.37 28.939999999999998
214.10999999999999 27.660000000000004
543.0 340.0
29.830000000000002 20.049999999999997
28.050000000000004 19.26
37.56 22.53
34.28 21.729999999999997
344.0 204.0
6.5 -22.0
48.769999999999996 17.88
44.04999999999999 17.15
96.83 22.54
77.8 21.46
42.0 5.0
33.0 2.0
21.0 2.0
19.0 0.0
269.0 98.0
247.0 81.0
150.0 51.0
136.0 31.0
191.0 87.0
204.0 99.0
125.0 41.0
110.0 32.0
31.0 4.0
36.0 10.0
4.0 0.0
7.0 0.0
113.13 19.55
65.42999999999999 42.85
131.05 20.03
101.1 19.279999999999998
62.5 41.65
112.69999999999999 19.47
98.6 19.59
61.949999999999996 42.3
115.9 19.960000000000004
89.0 19.599999999999994
58.89999999999999 40.70000000000001
106.89999999999999 20.1
93.9 19.56
61.300000000000004 42.65
114.53 19.92
97.05 19.12
67.5 41.75
116.70999999999998 19.41
102.0 19.41
61.6 40.95
125.1 19.9
109.6 19.65
63.74999999999999 42.5
134.6 19.51
117.45 19.5
68.2 42.9
134.25 19.83
107.7 19.71
62.42999999999999 42.20000000000001
128.48000000000002 19.9
571.0 422.0
123.35000000000001 20.199999999999996
107.24000000000001 19.560000000000002
71.2 44.65999999999999
63.42999999999999 42.529999999999994
161.86 20.810000000000002
124.91000000000001 19.860000000000003
521.0 358.0
29.060000000000002 22.279999999999998
27.35 21.23
32.519999999999996 22.88
30.369999999999997 22.05
348.0 209.0
10.75 -15.25
91.14 16.65
75.86 16.26
81.91000000000001 16.04
71.73000000000002 15.620000000000005
