20.0 1.344684811521e-311
14.0 0.0
13.0 0.0
16.0 0.0
19.0 1.344506666311e-311
15.0 0.0
76.0 1.344684815853e-311
49.0 1.3446782825504e-311
35.0 1.3445221321307e-311
22.0 1.3445066706427e-311
443.0 1.3446289239853e-311
338.0 1.344396440439e-311
255.0 1.344684816928e-311
208.0 1.344628927242e-311
312.0 1.3446782738864e-311
335.0 1.3446612003374e-311
193.0 1.3446611960054e-311
161.0 1.3446611916735e-311
47.0 1.3446611992623e-311
58.0 1.3445066782e-311
6.0 0.0
7.0 0.0
93.71000000000001 1.34468482126e-311
135.78 1.344396443696e-311
320.0 1.3446611884166e-311
86.75000000000001 1.344506672793e-311
129.65 1.3446289250603e-311
265.4 1.3444809606365e-311
89.10000000000001 1.344522124542e-311
123.55 1.3446848234104e-311
266.0 1.344684825592e-311
80.74999999999999 1.344396439364e-311
117.80000000000001 1.344396441546e-311
250.00000000000003 1.3446848147464e-311
89.62 1.344396432882e-311
130.45 1.344693972526e-311
290.5 1.344522129949e-311
87.2 1.344522133206e-311
127.34000000000002 1.344506671718e-311
269.5 1.3445066793067e-311
92.83 1.3445477199565e-311
126.69999999999999 1.3446848136713e-311
299.8 1.3446782804e-311
91.10999999999999 1.344396433957e-311
131.16 1.3445221375377e-311
303.5 1.344522125617e-311
93.73 1.3446848223353e-311
136.85 1.3444809682253e-311
346.25 1.3446289337243e-311
90.16999999999997 1.3445963255814e-311
123.13 1.3446782717363e-311
311.25 1.3444809649684e-311
893.0 1.3446612014125e-311
104.04000000000002 1.3446611970805e-311
89.82 1.344424946778e-311
152.13 1.344424956517e-311
129.34 1.3444249489597e-311
399.53 1.344424952185e-311
310.51000000000005 1.3445963169174e-311
837.0 1.344693969269e-311
47.980000000000004 1.344693973601e-311
44.8 1.3444809617116e-311
58.519999999999996 1.3444809638934e-311
53.93000000000001 1.3444249532916e-311
546.0 1.344596323431e-311
6.5 -34.5
66.24 1.3445477275453e-311
60.57999999999999 1.3444809693004e-311
149.46999999999997 1.344522126692e-311
127.08999999999999 1.3446782814753e-311
60.0 1.3444809584863e-311
49.0 1.3444809703755e-311
28.0 1.3445963245063e-311
26.0 1.3443968924815e-311
397.0 1.344396437214e-311
378.0 1.3444809628183e-311
226.0 1.344628926167e-311
208.0 1.3446782749615e-311
290.0 1.3444249543667e-311
313.0 1.3444249576236e-311
192.0 1.3445477253635e-311
158.0 1.344522128874e-311
46.0 1.3445477232134e-311
58.0 1.344678284732e-311
6.0 0.0
8.0 0.0
165.53 1.3445963299133e-311
98.13 1.3446939703757e-311
189.7 1.344396435032e-311
148.35 1.344596319099e-311
94.50000000000001 1.344628931574e-311
168.85000000000002 1.344396442621e-311
148.98 1.3444809563045e-311
91.3 1.3444809573796e-311
168.23000000000002 1.344396438289e-311
135.10000000000002 1.344684824517e-311
89.35 1.344693968194e-311
154.0 1.3445963288383e-311
145.85 1.344522131024e-311
93.35 1.344424959774e-311
169.15 1.344678276068e-311
144.3 1.344661202517e-311
100.31 1.3446611895213e-311
165.16 1.344396431773e-311
151.02999999999997 1.344506676048e-311
92.05 1.3446611938533e-311
178.18 1.344628935904e-311
160.53 1.344506677123e-311
95.75 1.3446611949284e-311
184.16 1.344684820183e-311
167.48000000000002 1.3445066749727e-311
101.50000000000001 1.3444809671483e-311
186.82999999999998 1.3446782728094e-311
159.10000000000002 1.3446782771413e-311
94.13000000000001 1.3446289293903e-311
185.05 1.344506673866e-311
886.0 1.3446611927466e-311
183.25 1.3444809660416e-311
158.4 1.344506665202e-311
105.94 1.344506667384e-311
95.58000000000001 1.344506668459e-311
219.75000000000006 1.344628922908e-311
176.65 1.344661198185e-311
808.0 1.344628936979e-311
46.459999999999994 1.3446782706276e-311
43.330000000000005 1.344628934829e-311
49.75999999999999 1.344628928315e-311
46.68000000000001 1.3446782836235e-311
538.0 1.3446782782164e-311
16.25 -20.25
123.59 1.3446848180013e-311
105.70999999999998 1.344506669534e-311
115.31 1.3444809595594e-311
97.52999999999999 26.820000000000007
