20.0 1.3447098962597e-311
14.0 0.0
12.0 0.0
15.0 0.0
18.0 1.344709886489e-311
15.0 0.0
74.0 1.3447099005917e-311
47.0 1.3444005073246e-311
34.0 1.344400493222e-311
21.0 0.0
419.0 1.34437311095e-311
328.0 1.344776492451e-311
243.0 1.3447764902693e-311
202.0 1.344400505143e-311
296.0 1.344668898708e-311
314.0 1.34470989841e-311
186.0 1.344709894078e-311
153.0 1.344776504372e-311
45.0 1.3446939689746e-311
55.0 1.3446994028113e-311
6.0 0.0
6.0 0.0
86.98 1.344709897335e-311
131.03 1.344400487815e-311
311.0 1.344559661031e-311
81.75000000000001 1.3446689008584e-311
125.15 1.3444747238265e-311
257.15 1.344373107693e-311
81.75 1.344699414732e-311
119.05 1.344699406068e-311
257.0 1.344559656699e-311
76.14999999999999 1.344699413657e-311
113.30000000000001 1.34477650004e-311
242.70000000000002 1.344709899485e-311
82.47999999999999 1.344443357377e-311
125.45 1.344443358484e-311
283.0 1.344400496479e-311
82.315 1.344776498933e-311
120.54000000000002 1.3446994071433e-311
260.5 1.344400497554e-311
84.88 1.3445575674575e-311
122.45 1.344400485665e-311
290.8 1.3446689041153e-311
86.49 1.344400489997e-311
126.66 1.344699415807e-311
294.5 1.3446939722314e-311
88.22999999999999 1.3447098919277e-311
132.25 1.3444747281584e-311
338.25 1.3445526547533e-311
83.88 1.3445575739713e-311
118.63 1.344474716269e-311
301.5 1.3443731087996e-311
854.0 1.34444335197e-311
94.26 1.34469940825e-311
83.43999999999998 1.344474720601e-311
147.13 1.344668901965e-311
124.78999999999999 1.3445526579786e-311
387.27 1.344668907372e-311
301.85 1.3445575642006e-311
799.0 1.344776495708e-311
45.63 1.3447098875957e-311
42.599999999999994 1.344776497858e-311
55.8 1.3445526558284e-311
51.339999999999996 1.3446689051903e-311
520.0 1.344400504068e-311
6.25 -32.75
64.49 1.3445575663824e-311
58.88999999999999 1.3444747216743e-311
137.46999999999997 1.344699403916e-311
118.03999999999999 1.34437311528e-311
57.0 1.344400506216e-311
47.0 1.3443731185367e-311
26.0 1.344373119612e-311
25.0 1.3445575631236e-311
383.0 1.344443355225e-311
361.0 1.3445481864375e-311
214.0 1.3446688997813e-311
200.0 1.344373116355e-311
280.0 1.3445481918445e-311
296.0 1.3445481983267e-311
183.0 1.3445575653054e-311
152.0 1.344699401734e-311
44.0 1.3445575728626e-311
55.0 1.3444747194925e-311
6.0 0.0
8.0 0.0
159.03 1.3445575717875e-311
93.38 1.344400495402e-311
179.39999999999998 1.3446939678975e-311
141.85 1.3444433530433e-311
90.30000000000001 1.344668906295e-311
159.05 1.344709893001e-311
141.98 1.3443731174616e-311
87.05000000000001 1.3445575696373e-311
157.23000000000002 1.3446939711544e-311
128.4 1.344559657804e-311
85.3 1.3446939733045e-311
147.0 1.3445481875125e-311
139.35 1.344400488888e-311
89.77999999999999 1.3445481972516e-311
159.98000000000002 1.3445526569015e-311
138.3 1.344559662136e-311
95.69000000000001 1.3445221242454e-311
156.11 1.344400484556e-311
145.02999999999997 1.344400499734e-311
88.6 1.3445221372413e-311
170.18 1.3445221296525e-311
153.53 1.344709890819e-311
91.19999999999999 1.344776501113e-311
177.16 1.3445221329093e-311
160.98000000000002 1.344373120687e-311
97.10000000000001 1.344400509473e-311
179.23000000000002 1.3445221307275e-311
152.10000000000002 1.344400510548e-311
89.48 1.3445526536446e-311
174.38000000000002 1.344699410398e-311
847.0 1.3446994114732e-311
175.3 1.344668903038e-311
151.52 1.3446689084452e-311
100.72999999999999 1.3445526677473e-311
90.67999999999998 1.3445221263956e-311
213.17000000000004 1.344668911702e-311
168.39 1.344776491374e-311
773.0 1.344668897631e-311
44.41 1.3445526634153e-311
41.36000000000001 1.344776496781e-311
47.41 1.3446689095203e-311
44.480000000000004 1.3443731142047e-311
512.0 1.344522131834e-311
15.75 -19.5
120.47 1.344559655622e-311
102.76999999999998 1.3447764945993e-311
111.66 1.344373106616e-311
94.28999999999999 25.450000000000006
