19.0 1.344557563523e-311
14.0 0.0
12.0 0.0
14.0 0.0
17.0 0.0
14.0 0.0
72.0 1.3447995532714e-311
46.0 1.3445886458645e-311
34.0 1.344400500133e-311
20.0 0.0
400.0 1.3447995554216e-311
314.0 1.3445575743685e-311
232.0 1.3445596570963e-311
192.0 1.3445892069966e-311
282.0 1.3445892026646e-311
297.0 1.344400490394e-311
180.0 1.3444433577745e-311
149.0 1.344589200483e-311
43.0 1.3446600080107e-311
53.0 1.3445891994077e-311
5.0 0.0
6.0 0.0
82.78 1.344589204815e-311
125.28 1.3444433556243e-311
296.0 1.344400510947e-311
78.65 1.344589191819e-311
119.65 1.344400513129e-311
245.15 1.3445481922437e-311
79.42 1.344443358881e-311
113.05 1.344522126795e-311
246.0 1.344557577594e-311
73.20000000000002 1.344557564598e-311
108.00000000000001 1.3446600166747e-311
231.70000000000002 1.344400508797e-311
80.1 1.3445221289766e-311
118.95 1.3445575711116e-311
270.0 1.344400497951e-311
79.515 1.344400507722e-311
115.22999999999998 1.3445481879118e-311
248.5 1.3445575657046e-311
80.55 1.344709900989e-311
116.95 1.344557567855e-311
275.8 1.3447995456826e-311
83.86 1.3444004849553e-311
120.16 1.344400488212e-311
279.5 1.3445221246446e-311
84.09999999999998 1.3445575765187e-311
125.75 1.34458864909e-311
321.25 1.3445892080717e-311
81.0 1.344709891218e-311
112.63 1.344548197651e-311
288.5 1.3447995510896e-311
817.0 1.344400495801e-311
91.23 1.3444433534425e-311
80.29999999999998 1.344400514204e-311
140.63 1.344789625951e-311
118.86999999999999 1.3445891983327e-311
370.27 1.34447471556e-311
287.88 1.344709898807e-311
762.0 1.3445221333085e-311
43.300000000000004 1.34455756893e-311
40.4 1.3447995467577e-311
53.269999999999996 1.3447995478327e-311
49.03 1.3445892037397e-311
495.0 1.3445886469396e-311
6.5 -30.75
62.169999999999995 1.344709899882e-311
56.76999999999999 1.34458920589e-311
135.27999999999997 1.3445575667797e-311
115.91999999999999 1.3445481965757e-311
55.0 1.3447995500145e-311
45.0 1.3447995586785e-311
26.0 1.344709896657e-311
24.0 1.344709889068e-311
359.0 1.344400486062e-311
347.0 1.344789624876e-311
206.0 1.344589201558e-311
190.0 1.3445481998326e-311
269.0 1.344559662535e-311
283.0 1.344789630283e-311
172.0 1.344709894475e-311
146.0 1.3445221376405e-311
43.0 1.3447098934e-311
52.0 1.3446600210066e-311
6.0 0.0
8.0 0.0
152.53 1.344709892325e-311
89.78 1.3445575754436e-311
174.64999999999998 1.3445221300517e-311
135.6 1.34470989555e-311
87.05000000000001 1.3446600123427e-311
151.85 1.3445221257197e-311
135.48 1.3444747253304e-311
83.7 1.3447098868863e-311
152.20000000000002 1.3444004892873e-311
122.39999999999999 1.344557573262e-311
81.9 1.344709887993e-311
143.3 1.3446994097223e-311
132.35 1.3445575721867e-311
86.27999999999999 1.344400515279e-311
156.48000000000002 1.344660011236e-311
132.8 1.344400501208e-311
91.98 1.3446600199e-311
152.16000000000003 1.344559656021e-311
137.52999999999997 1.34466001775e-311
85.35 1.344660006904e-311
166.18 1.34440050339e-311
147.03 1.34440050554e-311
87.8 1.344548190062e-311
173.16 1.3447995576034e-311
154.48000000000002 1.3447995543465e-311
93.60000000000001 1.344559658203e-311
175.73000000000002 1.344548193319e-311
145.60000000000002 1.344548198726e-311
86.23 1.344589197226e-311
169.63000000000002 1.344660015568e-311
808.0 1.344589192894e-311
168.18 1.344400496876e-311
145.17000000000002 1.3445891940007e-311
97.21 1.344400512054e-311
87.35 1.3447995446075e-311
208.17000000000004 1.344400499058e-311
164.32999999999996 1.3445221322334e-311
740.0 1.3445481955006e-311
42.269999999999996 1.3445481911686e-311
39.45 1.3447995489395e-311
44.95 1.344589195076e-311
42.309999999999995 1.344660018825e-311
490.0 1.344548194394e-311
14.75 -20.0
116.84 1.344589196151e-311
99.23999999999998 1.344660009086e-311
107.26 1.344660010161e-311
90.3 23.720000000000002
