16.0 1.0
12.0 0.0
10.0 0.0
13.0 0.0
14.0 0.0
25167446.77525139 0.0
64.0 10.0
41.0 5.0
31.0 3.0
18.0 0.0
348.0 128.0
279.0 92.0
195.0 63.0
25167495.214694023 49.0
243.0 118.0
258.0 118.0
161.0 61.0
125.0 37.0
38.0 7.0
46.0 10.0
5.0 0.0
5.0 0.0
71.88 19.849999999999998
107.35 52.849999999999994
257.0 35.65
69.4 19.58
102.15 51.3
211.75 34.75000000000001
70.42 19.900000000000002
25165824.028169632 51.85000000000001
213.5 35.1
63.8 19.85
92.89999999999999 49.2
201.4 34.699999999999996
71.30000000000001 18.869999999999997
104.75 52.55000000000001
237.5 35.37
70.685 19.369999999999997
97.22999999999998 51.600000000000016
212.0 33.980000000000004
69.96 19.750000000000007
100.7 50.60000000000001
242.0 35.43
72.21 19.84
105.0 52.7
242.0 35.699999999999996
74.14 19.89
109.85 52.45
276.25 36.1
70.12 19.72
97.4 52.050000000000004
253.0 35.27
696.0 532.0
78.47999999999999 20.240000000000002
70.94 19.769999999999996
122.05 54.849999999999994
103.2 52.4
315.05 37.05
248.45 35.33
654.0 438.0
36.61 24.82
34.46 23.88
45.29 27.82
41.50999999999999 26.849999999999998
415.0 264.0
6.75 -26.75
54.39 22.84
49.519999999999996 22.23
110.82 28.829999999999995
92.75999999999999 27.640000000000004
49.0 7.0
40.0 5.0
23.0 2.0
22.0 1.0
321.0 122.0
294.0 106.0
185.0 66.0
164.0 43.0
222.0 118.0
243.0 127.0
148.0 54.0
132.0 41.0
37.0 7.0
43.0 13.0
5.0 0.0
8.0 0.0
129.9 24.590000000000003
78.83 53.05000000000001
152.34999999999997 24.96
117.75 24.249999999999993
74.8 52.349999999999994
137.05 24.300000000000004
117.63 24.560000000000002
72.74999999999999 52.5
133.05 24.8
109.20000000000002 24.65
71.05 51.65000000000001
124.15 24.959999999999994
114.44999999999999 24.62
75.52999999999999 52.650000000000006
140.57999999999998 24.779999999999998
113.25 24.060000000000002
81.1 52.00000000000001
139.11 24.28
118.42999999999999 24.41
73.38 51.150000000000006
145.2 24.46
127.43 24.600000000000005
76.44999999999999 52.89999999999999
151.6 24.81
135.05 24.580000000000002
81.7 53.150000000000006
156.65 24.92
126.4 24.67
75.08 52.10000000000001
147.7 24.800000000000004
693.0 532.0
145.75 25.49
124.72 24.64
85.57000000000001 55.18999999999998
76.58999999999999 52.629999999999995
181.6 25.540000000000003
142.04999999999998 24.740000000000002
631.0 441.0
35.66 27.270000000000003
33.52 25.88
39.550000000000004 28.16
36.82 27.16
422.0 267.0
12.75 -18.0
108.69 21.14
91.62999999999998 20.580000000000002
91.88000000000001 19.540000000000003
80.60000000000001 19.040000000000003
